0.009 0.034 0.059 0.094 0.126 0.154 0.180 0.209 0.234 0.257
0.019 0.042 0.067 0.100 0.131 0.157 0.182 0.211 0.235 0.248
0.028 0.052 0.076 0.111 0.139 0.165 0.190 0.218 0.244 0.208
0.029 0.053 0.075 0.106 0.138 0.164 0.189 0.218 0.245 0.220
0.039 0.061 0.083 0.112 0.143 0.168 0.192 0.220 0.246 0.226
0.055 0.075 0.095 0.122 0.149 0.172 0.193 0.216 0.240 0.245
0.064 0.083 0.102 0.128 0.154 0.176 0.196 0.217 0.243 0.249
0.072 0.092 0.111 0.136 0.162 0.183 0.204 0.229 0.251 0.246
0.081 0.100 0.118 0.141 0.166 0.187 0.208 0.230 0.254 0.255
0.090 0.108 0.125 0.147 0.171 0.192 0.211 0.232 0.257 0.264
0.100 0.116 0.132 0.152 0.176 0.196 0.215 0.234 0.260 0.273
0.109 0.124 0.139 0.159 0.181 0.200 0.219 0.238 0.263 0.284
0.118 0.131 0.147 0.165 0.187 0.205 0.223 0.243 0.268 0.291
0.128 0.139 0.155 0.171 0.192 0.210 0.226 0.247 0.272 0.296
0.137 0.148 0.163 0.179 0.200 0.218 0.235 0.257 0.283 0.306
0.146 0.156 0.170 0.185 0.205 0.224 0.241 0.261 0.288 0.311
0.158 0.168 0.182 0.196 0.214 0.232 0.249 0.268 0.293 0.317
0.164 0.172 0.186 0.199 0.216 0.234 0.252 0.271 0.292 0.321
0.172 0.182 0.193 0.206 0.223 0.240 0.257 0.275 0.298 0.326
0.184 0.193 0.206 0.218 0.235 0.252 0.269 0.287 0.311 0.340
0.193 0.203 0.213 0.227 0.241 0.258 0.274 0.292 0.317 0.346
0.202 0.210 0.222 0.234 0.247 0.264 0.281 0.298 0.321 0.350
0.210 0.219 0.230 0.242 0.256 0.274 0.290 0.309 0.332 0.364
0.220 0.228 0.238 0.251 0.263 0.280 0.296 0.315 0.337 0.367
0.229 0.237 0.248 0.259 0.272 0.289 0.306 0.326 0.349 0.382
0.237 0.245 0.255 0.268 0.281 0.295 0.313 0.332 0.354 0.386
0.246 0.254 0.264 0.276 0.288 0.302 0.320 0.337 0.360 0.387
0.255 0.263 0.273 0.284 0.297 0.311 0.330 0.348 0.372 0.400
0.266 0.274 0.284 0.295 0.308 0.320 0.338 0.356 0.379 0.406
0.274 0.283 0.292 0.305 0.316 0.331 0.348 0.367 0.391 0.419
0.282 0.291 0.301 0.312 0.325 0.338 0.354 0.373 0.396 0.423
0.290 0.299 0.309 0.320 0.333 0.346 0.360 0.380 0.400 0.428
0.301 0.310 0.320 0.331 0.345 0.358 0.372 0.392 0.414 0.441
0.308 0.318 0.328 0.339 0.351 0.366 0.380 0.397 0.419 0.445
0.317 0.326 0.336 0.348 0.361 0.375 0.390 0.407 0.430 0.456
0.324 0.334 0.344 0.355 0.368 0.383 0.396 0.413 0.435 0.461
0.332 0.341 0.352 0.364 0.377 0.390 0.407 0.423 0.445 0.471
0.339 0.349 0.359 0.372 0.385 0.400 0.416 0.433 0.454 0.482
0.349 0.358 0.369 0.382 0.395 0.409 0.425 0.441 0.461 0.486
0.357 0.366 0.376 0.388 0.401 0.415 0.430 0.447 0.465 0.488
0.364 0.373 0.384 0.396 0.409 0.424 0.439 0.456 0.475 0.497
0.371 0.381 0.391 0.404 0.417 0.432 0.448 0.465 0.484 0.508
0.381 0.390 0.401 0.412 0.425 0.440 0.455 0.472 0.490 0.511
0.389 0.398 0.408 0.420 0.433 0.448 0.464 0.480 0.499 0.519
0.398 0.407 0.418 0.429 0.443 0.458 0.473 0.490 0.508 0.528
0.405 0.414 0.425 0.437 0.450 0.464 0.481 0.498 0.516 0.537
0.412 0.421 0.432 0.444 0.456 0.470 0.486 0.502 0.520 0.540
0.421 0.431 0.441 0.452 0.465 0.479 0.494 0.511 0.529 0.548
0.428 0.438 0.448 0.460 0.473 0.486 0.502 0.519 0.536 0.556
0.435 0.444 0.454 0.466 0.478 0.491 0.506 0.522 0.540 0.558
0.442 0.451 0.461 0.473 0.485 0.499 0.513 0.529 0.547 0.565
0.451 0.460 0.470 0.481 0.494 0.507 0.522 0.537 0.555 0.573
0.457 0.466 0.476 0.488 0.500 0.514 0.529 0.544 0.561 0.579
0.466 0.475 0.485 0.496 0.509 0.522 0.537 0.552 0.568 0.585
0.473 0.481 0.492 0.503 0.515 0.529 0.543 0.558 0.575 0.591
0.360 0.489 0.498 0.509 0.521 0.535 0.549 0.565 0.581 0.597
0.488 0.497 0.507 0.517 0.530 0.543 0.557 0.573 0.588 0.604
0.497 0.506 0.515 0.526 0.538 0.550 0.565 0.580 0.595 0.610
0.501 0.512 0.522 0.532 0.543 0.557 0.571 0.586 0.601 0.616
0.506 0.518 0.528 0.539 0.550 0.563 0.577 0.592 0.607 0.621
0.515 0.525 0.536 0.547 0.558 0.571 0.584 0.598 0.613 0.627
0.523 0.533 0.542 0.554 0.565 0.578 0.591 0.605 0.619 0.633
0.529 0.538 0.549 0.560 0.572 0.585 0.599 0.613 0.627 0.641
0.459 0.544 0.554 0.565 0.576 0.589 0.603 0.616 0.630 0.644
0.542 0.552 0.562 0.573 0.585 0.597 0.611 0.624 0.638 0.652
0.507 0.557 0.568 0.578 0.590 0.603 0.616 0.629 0.643 0.657
0.557 0.567 0.576 0.587 0.598 0.611 0.623 0.636 0.649 0.662
0.563 0.573 0.582 0.593 0.605 0.617 0.630 0.642 0.656 0.669
0.570 0.580 0.589 0.600 0.611 0.623 0.636 0.648 0.661 0.673
0.576 0.585 0.595 0.605 0.617 0.628 0.640 0.653 0.665 0.677
0.584 0.592 0.602 0.612 0.624 0.636 0.647 0.660 0.672 0.684
0.590 0.598 0.608 0.618 0.630 0.641 0.654 0.666 0.678 0.690
0.598 0.605 0.614 0.625 0.637 0.649 0.660 0.673 0.685 0.695
0.603 0.611 0.621 0.631 0.643 0.654 0.666 0.678 0.689 0.699
0.609 0.616 0.626 0.637 0.649 0.661 0.672 0.684 0.694 0.703
0.614 0.621 0.630 0.641 0.653 0.665 0.677 0.690 0.699 0.707
0.620 0.627 0.636 0.647 0.658 0.670 0.683 0.695 0.704 0.713
0.626 0.633 0.642 0.652 0.663 0.674 0.686 0.698 0.707 0.717
0.632 0.639 0.648 0.657 0.668 0.680 0.692 0.703 0.712 0.723
0.638 0.645 0.654 0.663 0.674 0.685 0.697 0.707 0.717 0.728
0.643 0.650 0.658 0.668 0.679 0.691 0.703 0.713 0.724 0.735
0.647 0.656 0.664 0.674 0.684 0.696 0.708 0.718 0.729 0.740
0.619 0.661 0.669 0.679 0.690 0.702 0.713 0.723 0.733 0.745
0.660 0.667 0.675 0.685 0.696 0.708 0.718 0.729 0.740 0.751
0.666 0.672 0.680 0.690 0.700 0.712 0.723 0.733 0.744 0.755
0.671 0.678 0.685 0.695 0.706 0.717 0.727 0.737 0.748 0.759
0.677 0.684 0.692 0.701 0.713 0.723 0.733 0.743 0.754 0.765
0.683 0.689 0.697 0.706 0.718 0.728 0.738 0.748 0.759 0.770
0.645 0.693 0.700 0.710 0.721 0.731 0.741 0.751 0.762 0.774
0.595 0.698 0.705 0.715 0.727 0.736 0.746 0.756 0.767 0.779
0.698 0.704 0.711 0.722 0.732 0.741 0.751 0.761 0.772 0.783
0.704 0.710 0.716 0.727 0.737 0.746 0.755 0.765 0.776 0.788
0.710 0.715 0.721 0.731 0.741 0.750 0.759 0.769 0.780 0.791
0.715 0.719 0.727 0.738 0.746 0.755 0.764 0.774 0.785 0.797
0.721 0.724 0.731 0.742 0.750 0.758 0.768 0.778 0.789 0.801
0.726 0.729 0.736 0.746 0.754 0.762 0.772 0.782 0.794 0.806
0.731 0.733 0.741 0.750 0.758 0.766 0.776 0.786 0.798 0.810
0.736 0.738 0.745 0.754 0.762 0.771 0.781 0.791 0.803 0.816
0.741 0.742 0.750 0.758 0.765 0.774 0.786 0.796 0.807 0.819
0.745 0.746 0.755 0.764 0.772 0.781 0.791 0.801 0.812 0.823
0.750 0.752 0.761 0.769 0.777 0.786 0.795 0.805 0.816 0.828
0.754 0.756 0.765 0.772 0.780 0.789 0.799 0.809 0.820 0.831
0.759 0.761 0.769 0.776 0.785 0.793 0.803 0.813 0.824 0.835
0.762 0.764 0.772 0.780 0.788 0.797 0.807 0.817 0.828 0.839
0.767 0.767 0.776 0.783 0.792 0.801 0.810 0.821 0.832 0.843
0.643 0.771 0.779 0.786 0.795 0.804 0.814 0.824 0.835 0.846
0.775 0.775 0.783 0.792 0.800 0.809 0.819 0.825 0.840 0.850
0.778 0.780 0.789 0.796 0.803 0.813 0.822 0.833 0.844 0.854
0.783 0.787 0.793 0.799 0.807 0.817 0.828 0.838 0.848 0.857
0.711 0.789 0.795 0.800 0.811 0.822 0.832 0.841 0.851 0.859
0.796 0.793 0.795 0.808 0.818 0.827 0.837 0.846 0.855 0.863
0.799 0.795 0.801 0.812 0.821 0.831 0.840 0.850 0.858 0.865
0.801 0.797 0.806 0.816 0.825 0.835 0.847 0.855 0.862 0.867
0.800 0.801 0.810 0.820 0.829 0.842 0.850 0.857 0.864 0.870
0.803 0.805 0.814 0.823 0.836 0.846 0.853 0.860 0.866 0.872
0.806 0.808 0.815 0.824 0.837 0.844 0.851 0.857 0.863 0.869
0.809 0.810 0.817 0.831 0.837 0.844 0.851 0.855 0.861 0.866
0.810 0.813 0.819 0.832 0.838 0.843 0.848 0.853 0.858 0.863
0.814 0.815 0.829 0.834 0.839 0.843 0.848 0.852 0.857 0.861
0.817 0.828 0.831 0.835 0.838 0.843 0.848 0.851 0.855 0.859
0.833 0.831 0.834 0.836 0.839 0.843 0.846 0.850 0.853 0.857
0.835 0.833 0.835 0.837 0.840 0.844 0.846 0.849 0.853 0.855
0.838 0.834 0.836 0.839 0.840 0.843 0.846 0.848 0.851 0.854
0.838 0.836 0.838 0.839 0.841 0.844 0.846 0.848 0.850 0.857
0.838 0.837 0.840 0.841 0.843 0.843 0.846 0.847 0.849 0.859
0.737 0.839 0.840 0.842 0.842 0.844 0.845 0.847 0.847 0.858
0.841 0.840 0.841 0.843 0.843 0.844 0.845 0.845 0.853 0.858
0.753 0.842 0.842 0.843 0.844 0.844 0.844 0.854 0.856 0.122
