22.332 22.309 22.260 22.147 21.995 21.829 21.644 21.401 21.169 20.925
22.326 22.295 22.239 22.121 21.969 21.806 21.625 21.386 21.159 21.019
22.317 22.276 22.210 22.072 21.922 21.753 21.562 21.316 21.058 21.412
22.315 22.274 22.212 22.095 21.924 21.757 21.569 21.322 21.054 21.297
22.300 22.254 22.186 22.068 21.897 21.731 21.548 21.302 21.041 21.247
22.269 22.212 22.139 22.016 21.857 21.703 21.538 21.337 21.103 21.052
22.247 22.185 22.110 21.986 21.828 21.675 21.512 21.325 21.077 21.006
22.221 22.153 22.070 21.938 21.774 21.616 21.444 21.216 20.990 21.037
22.193 22.121 22.036 21.906 21.743 21.584 21.414 21.203 20.961 20.944
22.159 22.086 21.998 21.873 21.709 21.550 21.381 21.185 20.920 20.847
22.121 22.047 21.959 21.838 21.671 21.515 21.347 21.161 20.887 20.744
22.080 22.005 21.919 21.797 21.630 21.479 21.312 21.124 20.854 20.616
22.034 21.965 21.873 21.754 21.585 21.440 21.277 21.069 20.805 20.526
21.985 21.922 21.821 21.712 21.547 21.396 21.240 21.027 20.752 20.461
21.934 21.868 21.765 21.651 21.481 21.321 21.154 20.924 20.629 20.342
21.881 21.817 21.715 21.600 21.438 21.267 21.098 20.877 20.569 20.272
21.804 21.730 21.627 21.513 21.352 21.186 21.015 20.800 20.505 20.193
21.762 21.701 21.597 21.486 21.336 21.166 20.980 20.768 20.510 20.134
21.701 21.628 21.538 21.426 21.275 21.099 20.924 20.722 20.437 20.066
21.610 21.536 21.429 21.318 21.157 20.983 20.791 20.570 20.274 19.864
21.541 21.458 21.369 21.239 21.095 20.910 20.727 20.514 20.193 19.783
21.467 21.390 21.284 21.168 21.030 20.845 20.652 20.432 20.139 19.715
21.390 21.306 21.204 21.079 20.933 20.737 20.539 20.294 19.977 19.504
21.305 21.223 21.124 20.994 20.855 20.665 20.468 20.213 19.905 19.455
21.218 21.138 21.020 20.898 20.760 20.550 20.340 20.069 19.735 19.226
21.130 21.050 20.946 20.806 20.651 20.477 20.246 19.988 19.667 19.160
21.042 20.960 20.848 20.714 20.567 20.390 20.153 19.905 19.571 19.136
20.950 20.860 20.745 20.608 20.446 20.263 20.017 19.755 19.385 18.917
20.829 20.733 20.616 20.470 20.312 20.146 19.892 19.630 19.272 18.825
20.733 20.628 20.508 20.352 20.201 19.997 19.747 19.453 19.080 18.593
20.633 20.529 20.405 20.258 20.074 19.897 19.665 19.358 18.993 18.509
20.534 20.426 20.300 20.149 19.972 19.778 19.568 19.258 18.915 18.428
20.401 20.284 20.148 19.990 19.797 19.603 19.387 19.052 18.682 18.177
20.304 20.177 20.038 19.879 19.707 19.473 19.262 18.971 18.593 18.108
20.197 20.073 19.922 19.754 19.559 19.334 19.097 18.799 18.394 17.894
20.093 19.960 19.814 19.638 19.446 19.204 18.987 18.687 18.297 17.805
19.985 19.853 19.689 19.512 19.304 19.084 18.795 18.512 18.117 17.606
19.878 19.739 19.579 19.382 19.170 18.923 18.642 18.332 17.934 17.386
19.729 19.592 19.422 19.229 19.012 18.771 18.480 18.194 17.810 17.292
19.619 19.476 19.314 19.115 18.901 18.653 18.382 18.072 17.720 17.261
19.500 19.359 19.187 18.995 18.759 18.506 18.221 17.890 17.514 17.059
19.391 19.237 19.066 18.858 18.618 18.349 18.054 17.727 17.332 16.832
19.235 19.087 18.904 18.712 18.479 18.206 17.914 17.587 17.213 16.760
19.111 18.958 18.777 18.577 18.331 18.058 17.750 17.414 17.024 16.582
18.948 18.794 18.601 18.398 18.148 17.861 17.559 17.210 16.823 16.375
18.826 18.668 18.478 18.260 18.012 17.735 17.401 17.047 16.648 16.180
18.710 18.543 18.358 18.135 17.902 17.619 17.289 16.957 16.559 16.105
18.547 18.377 18.188 17.969 17.714 17.440 17.125 16.758 16.367 15.927
18.422 18.250 18.052 17.827 17.567 17.297 16.959 16.594 16.199 15.747
18.296 18.128 17.929 17.711 17.459 17.181 16.869 16.514 16.120 15.684
18.170 17.997 17.799 17.569 17.312 17.025 16.718 16.357 15.952 15.519
18.000 17.823 17.622 17.390 17.136 16.846 16.529 16.181 15.772 15.337
17.876 17.695 17.490 17.255 16.989 16.693 16.371 16.022 15.617 15.192
17.703 17.522 17.307 17.075 16.807 16.517 16.191 15.834 15.455 15.024
17.568 17.387 17.176 16.937 16.667 16.368 16.040 15.684 15.284 14.878
19.560 17.241 17.036 16.796 16.536 16.227 15.896 15.514 15.125 14.729
17.244 17.068 16.855 16.620 16.344 16.040 15.713 15.336 14.954 14.560
17.067 16.880 16.666 16.432 16.161 15.874 15.519 15.158 14.784 14.394
16.968 16.747 16.529 16.297 16.032 15.719 15.376 15.012 14.637 14.245
16.871 16.618 16.386 16.145 15.876 15.573 15.226 14.864 14.486 14.095
16.665 16.457 16.212 15.961 15.682 15.387 15.048 14.696 14.319 13.936
16.491 16.283 16.058 15.786 15.515 15.208 14.875 14.523 14.161 13.778
16.359 16.149 15.912 15.644 15.348 15.023 14.685 14.331 13.950 13.559
17.833 16.015 15.789 15.536 15.246 14.921 14.585 14.240 13.877 13.494
16.073 15.832 15.603 15.341 15.040 14.719 14.375 14.018 13.654 13.268
16.852 15.713 15.460 15.208 14.904 14.582 14.245 13.885 13.513 13.132
15.708 15.482 15.252 14.989 14.693 14.378 14.050 13.710 13.351 12.982
15.581 15.341 15.104 14.834 14.536 14.213 13.875 13.525 13.161 12.790
15.398 15.166 14.927 14.651 14.365 14.049 13.714 13.372 13.017 12.661
15.266 15.028 14.794 14.522 14.219 13.915 13.589 13.239 12.890 12.543
15.064 14.853 14.606 14.332 14.031 13.706 13.389 13.046 12.687 12.359
14.913 14.710 14.461 14.179 13.870 13.557 13.216 12.865 12.515 12.174
14.712 14.531 14.284 13.988 13.686 13.357 13.027 12.682 12.325 12.040
14.587 14.370 14.117 13.835 13.514 13.211 12.879 12.536 12.197 11.920
14.434 14.230 13.965 13.666 13.356 13.023 12.690 12.350 12.046 11.804
14.304 14.105 13.857 13.571 13.237 12.892 12.543 12.188 11.903 11.661
14.138 13.947 13.697 13.413 13.096 12.751 12.383 12.040 11.752 11.490
13.977 13.787 13.539 13.274 12.962 12.629 12.279 11.941 11.668 11.366
13.817 13.623 13.377 13.111 12.805 12.473 12.124 11.791 11.517 11.198
13.656 13.460 13.217 12.951 12.645 12.310 11.962 11.661 11.361 11.031
13.524 13.321 13.088 12.815 12.494 12.151 11.794 11.493 11.161 10.815
13.389 13.162 12.932 12.655 12.338 12.001 11.645 11.342 11.009 10.653
14.166 13.017 12.773 12.500 12.180 11.835 11.497 11.189 10.860 10.495
13.040 12.847 12.614 12.334 12.010 11.647 11.331 11.010 10.666 10.292
12.867 12.691 12.462 12.190 11.868 11.511 11.195 10.873 10.532 10.163
12.722 12.538 12.308 12.036 11.710 11.353 11.056 10.741 10.396 10.029
12.548 12.363 12.129 11.843 11.496 11.168 10.870 10.552 10.205 9.840
12.384 12.203 11.978 11.696 11.341 11.024 10.726 10.397 10.044 9.671
13.457 12.082 11.867 11.591 11.239 10.925 10.626 10.296 9.942 9.563
14.771 11.931 11.717 11.428 11.046 10.777 10.472 10.139 9.784 9.401
11.935 11.763 11.545 11.226 10.889 10.614 10.309 9.979 9.625 9.242
11.748 11.593 11.384 11.058 10.747 10.473 10.169 9.841 9.486 9.102
11.583 11.444 11.240 10.929 10.620 10.346 10.043 9.715 9.358 8.970
11.415 11.295 11.075 10.710 10.466 10.183 9.879 9.546 9.180 8.779
11.258 11.150 10.929 10.591 10.342 10.070 9.761 9.428 9.048 8.637
11.089 11.003 10.777 10.466 10.214 9.937 9.622 9.271 8.888 8.458
10.935 10.861 10.616 10.331 10.081 9.804 9.495 9.148 8.756 8.320
10.781 10.726 10.485 10.203 9.947 9.655 9.329 8.990 8.563 8.129
10.617 10.596 10.350 10.088 9.855 9.537 9.147 8.802 8.425 8.025
10.496 10.464 10.186 9.894 9.607 9.316 8.999 8.656 8.282 7.893
10.335 10.278 9.966 9.725 9.458 9.169 8.842 8.493 8.113 7.724
10.202 10.143 9.852 9.615 9.342 9.051 8.723 8.370 7.993 7.606
10.053 9.993 9.714 9.473 9.201 8.902 8.576 8.219 7.843 7.452
9.929 9.884 9.611 9.363 9.082 8.775 8.441 8.082 7.722 7.322
9.784 9.767 9.490 9.238 8.962 8.650 8.323 7.968 7.584 7.192
13.511 9.649 9.385 9.136 8.851 8.543 8.213 7.861 7.466 7.079
9.521 9.510 9.249 8.961 8.688 8.385 8.039 7.800 7.295 6.912
9.407 9.352 9.054 8.825 8.562 8.230 7.929 7.532 7.144 6.792
9.261 9.125 8.927 8.706 8.454 8.104 7.714 7.348 7.000 6.666
11.556 9.037 8.838 8.668 8.295 7.918 7.582 7.233 6.896 6.583
8.825 8.907 8.835 8.409 8.078 7.740 7.401 7.058 6.725 6.458
8.706 8.842 8.628 8.280 7.949 7.616 7.278 6.908 6.621 6.380
8.661 8.773 8.459 8.133 7.806 7.472 7.043 6.747 6.499 6.304
8.670 8.637 8.320 8.001 7.665 7.204 6.927 6.653 6.415 6.188
8.566 8.504 8.193 7.880 7.417 7.081 6.823 6.550 6.332 6.107
8.476 8.419 8.152 7.861 7.378 7.144 6.893 6.651 6.434 6.233
8.375 8.329 8.099 7.606 7.381 7.130 6.887 6.736 6.531 6.354
8.321 8.227 8.020 7.553 7.369 7.176 6.987 6.795 6.623 6.462
8.214 8.160 7.673 7.506 7.302 7.180 7.005 6.845 6.683 6.530
8.082 7.724 7.593 7.464 7.349 7.168 7.012 6.870 6.736 6.595
7.548 7.620 7.507 7.414 7.303 7.189 7.076 6.936 6.811 6.668
7.449 7.539 7.463 7.376 7.282 7.141 7.073 6.946 6.830 6.750
7.349 7.495 7.414 7.335 7.267 7.168 7.068 6.977 6.883 6.762
7.356 7.422 7.371 7.331 7.237 7.145 7.061 7.005 6.927 6.664
7.368 7.376 7.272 7.254 7.190 7.157 7.072 7.015 6.968 6.610
10.746 7.310 7.279 7.225 7.194 7.132 7.093 7.047 7.020 6.622
7.251 7.270 7.261 7.191 7.165 7.141 7.106 7.091 6.826 6.642
10.241 7.205 7.196 7.179 7.156 7.152 7.148 6.788 6.690 22.014
