4.233 4.235 4.226 4.205 4.172 4.127 4.071 4.003 3.923 3.832
4.311 4.289 4.259 4.221 4.176 4.123 4.063 3.995 3.920 3.837
4.298 4.278 4.250 4.213 4.167 4.111 4.048 3.976 3.895 3.807
4.288 4.270 4.243 4.206 4.161 4.109 4.048 3.979 3.901 3.814
4.273 4.258 4.234 4.201 4.160 4.110 4.051 3.983 3.905 3.170
4.254 4.237 4.213 4.182 4.144 4.100 4.049 3.990 3.923 3.848
4.240 4.226 4.203 4.172 4.135 4.094 4.045 3.990 3.926 3.855
4.223 4.210 4.191 4.165 4.128 4.081 4.027 3.966 3.894 3.814
4.208 4.199 4.182 4.157 4.122 4.077 4.028 3.969 3.899 3.824
4.191 4.184 4.170 4.147 4.114 4.073 4.026 3.971 3.906 3.827
4.174 4.169 4.156 4.137 4.108 4.068 4.024 3.966 3.899 3.825
4.157 4.154 4.145 4.127 4.102 4.068 4.021 3.968 3.907 3.832
4.138 4.140 4.134 4.119 4.094 4.061 4.018 3.968 3.906 3.832
4.120 4.124 4.120 4.108 4.086 4.054 4.015 3.966 3.904 3.834
4.099 4.108 4.109 4.099 4.078 4.047 4.006 3.953 3.890 3.809
4.091 4.099 4.100 4.088 4.068 4.042 3.998 3.950 3.891 3.822
4.070 4.079 4.077 4.073 4.054 4.024 3.991 3.942 3.888 3.818
4.037 4.057 4.064 4.057 4.046 4.023 3.991 3.943 3.892 3.825
4.018 4.033 4.044 4.045 4.036 4.014 3.984 3.940 3.890 3.828
4.002 4.020 4.036 4.032 4.019 3.995 3.963 3.937 3.874 3.808
3.986 4.010 4.018 4.016 4.004 4.011 3.974 3.935 3.877 3.812
3.967 3.988 3.995 4.021 4.012 4.001 3.971 3.927 3.873 3.819
3.939 3.967 3.990 4.007 4.003 3.980 3.941 3.903 3.858 3.808
3.911 3.954 3.979 3.988 3.972 3.956 3.928 3.893 3.856 3.812
3.895 3.934 3.950 3.952 3.946 3.931 3.912 3.883 3.845 3.800
3.865 3.899 3.917 3.927 3.925 3.919 3.902 3.879 3.843 3.803
3.832 3.867 3.891 3.904 3.910 3.906 3.895 3.869 3.845 3.806
3.801 3.842 3.868 3.884 3.893 3.890 3.880 3.854 3.832 3.800
3.792 3.824 3.851 3.869 3.874 3.876 3.868 3.850 3.823 3.801
3.760 3.798 3.827 3.846 3.854 3.854 3.846 3.833 3.819 3.797
3.729 3.769 3.803 3.820 3.835 3.834 3.834 3.829 3.817 3.797
3.695 3.744 3.773 3.800 3.809 3.820 3.824 3.821 3.811 3.799
3.687 3.724 3.759 3.783 3.796 3.806 3.808 3.808 3.804 3.799
3.652 3.696 3.735 3.757 3.776 3.785 3.794 3.797 3.799 3.799
3.618 3.675 3.706 3.734 3.753 3.769 3.780 3.788 3.793 3.785
3.601 3.641 3.676 3.705 3.730 3.749 3.764 3.775 3.777 3.782
3.563 3.607 3.648 3.682 3.709 3.730 3.747 3.760 3.771 3.783
3.523 3.576 3.620 3.657 3.686 3.709 3.734 3.750 3.768 3.782
3.502 3.554 3.599 3.635 3.663 3.696 3.716 3.741 3.758 3.779
3.464 3.522 3.569 3.611 3.643 3.669 3.701 3.723 3.748 3.775
3.435 3.492 3.541 3.582 3.619 3.656 3.683 3.714 3.743 3.776
3.400 3.454 3.507 3.560 3.599 3.633 3.670 3.702 3.737 3.781
3.376 3.433 3.494 3.534 3.575 3.615 3.650 3.686 3.730 3.767
3.348 3.412 3.453 3.511 3.551 3.594 3.634 3.680 3.718 3.772
3.330 3.380 3.444 3.488 3.535 3.578 3.627 3.665 3.719 3.775
3.288 3.350 3.405 3.460 3.510 3.561 3.605 3.657 3.711 3.775
3.239 3.315 3.370 3.427 3.476 3.532 3.572 3.633 3.690 3.755
3.228 3.288 3.351 3.406 3.464 3.505 3.565 3.623 3.687 3.757
3.176 3.250 3.316 3.380 3.430 3.486 3.547 3.612 3.680 3.756
3.139 3.214 3.278 3.342 3.389 3.456 3.510 3.579 3.653 3.731
3.092 3.173 3.248 3.304 3.364 3.431 3.497 3.564 3.645 3.727
3.080 3.152 3.220 3.284 3.347 3.417 3.483 3.557 3.639 3.729
3.028 3.118 3.179 3.252 3.313 3.383 3.458 3.539 3.630 3.725
3.014 3.088 3.159 3.232 3.300 3.366 3.443 3.534 3.622 3.723
2.974 3.045 3.126 3.189 3.267 3.341 3.423 3.514 3.608 3.720
2.924 3.006 3.086 3.164 3.233 3.312 3.404 3.496 3.597 3.712
2.898 2.986 3.057 3.141 3.216 3.293 3.389 3.484 3.590 3.710
2.875 2.963 3.037 3.113 3.197 3.283 3.369 3.470 3.583 3.706
2.833 2.917 3.000 3.079 3.157 3.251 3.346 3.451 3.568 3.697
2.783 2.877 2.960 3.040 3.129 3.221 3.317 3.429 3.553 3.685
2.766 2.848 2.933 3.015 3.107 3.201 3.304 3.420 3.542 3.675
2.737 2.827 2.909 2.993 3.080 3.179 3.286 3.405 3.532 3.667
2.688 2.782 2.872 2.962 3.057 3.161 3.277 3.398 3.536 3.681
2.269 2.738 2.822 2.913 3.015 3.118 3.234 3.357 3.489 3.637
2.624 2.716 2.799 2.897 2.998 3.112 3.226 3.357 3.496 3.658
2.381 2.669 2.755 2.856 2.962 3.076 3.198 3.329 3.476 3.637
2.560 2.645 2.741 2.844 2.952 3.063 3.187 3.315 3.463 3.626
2.523 2.608 2.705 2.809 2.922 3.042 3.167 3.308 3.466 3.636
2.486 2.574 2.674 2.784 2.889 3.010 3.141 3.284 3.447 3.622
2.417 2.525 2.635 2.743 2.850 2.969 3.106 3.251 3.415 3.589
2.389 2.502 2.609 2.720 2.835 2.961 3.096 3.252 3.421 3.603
2.342 2.458 2.568 2.675 2.803 2.931 3.075 3.237 3.409 3.607
2.315 2.433 2.541 2.654 2.782 2.916 3.064 3.233 3.410 3.614
2.286 2.397 2.509 2.627 2.750 2.887 3.035 3.199 3.382 3.586
2.255 2.372 2.477 2.596 2.729 2.873 3.026 3.196 3.378 3.575
2.203 2.323 2.433 2.561 2.692 2.839 2.998 3.175 3.370 3.581
2.174 2.283 2.406 2.534 2.670 2.818 2.979 3.158 3.357 3.578
2.136 2.248 2.371 2.498 2.639 2.785 2.944 3.125 3.321 3.538
2.108 2.216 2.342 2.472 2.612 2.761 2.926 3.111 3.311 3.533
2.074 2.186 2.312 2.441 2.583 2.735 2.900 3.090 3.300 3.516
2.009 2.141 2.268 2.405 2.555 2.705 2.889 3.088 3.308 3.533
1.968 2.102 2.236 2.372 2.521 2.685 2.867 3.068 3.284 3.517
1.826 2.067 2.205 2.348 2.490 2.652 2.842 3.046 3.265 3.493
1.894 2.040 2.173 2.319 2.469 2.640 2.832 3.047 3.270 3.501
1.862 2.004 2.139 2.286 2.440 2.612 2.805 3.015 3.243 3.475
1.828 1.965 2.103 2.251 2.406 2.580 2.775 2.987 3.205 3.451
1.810 1.951 2.090 2.239 2.395 2.572 2.775 2.990 3.213 3.459
1.772 1.912 2.059 2.203 2.369 2.552 2.754 2.976 3.203 3.459
1.610 1.859 2.006 2.155 2.319 2.503 2.708 2.924 3.175 3.415
1.444 1.824 1.971 2.124 2.296 2.478 2.688 2.911 3.150 3.412
1.655 1.802 1.954 2.106 2.272 2.465 2.677 2.898 3.143 3.411
1.613 1.768 1.921 2.066 2.241 2.436 2.646 2.880 3.117 3.423
1.568 1.727 1.878 2.036 2.208 2.406 2.625 2.850 3.102 3.401
1.554 1.709 1.865 2.020 2.199 2.400 2.615 2.853 3.110 3.403
1.516 1.672 1.824 1.978 2.162 2.363 2.583 2.815 3.091 3.379
1.470 1.638 1.791 1.947 2.133 2.343 2.562 2.805 3.080 3.382
1.445 1.617 1.759 1.920 2.107 2.311 2.531 2.779 3.062 3.360
1.405 1.579 1.728 1.890 2.085 2.294 2.522 2.783 3.064 3.382
1.359 1.537 1.687 1.850 2.042 2.250 2.480 2.739 3.022 3.359
1.333 1.515 1.654 1.825 2.018 2.228 2.458 2.720 3.008 3.333
1.308 1.489 1.633 1.803 2.002 2.210 2.450 2.720 3.010 3.361
1.269 1.451 1.592 1.762 1.956 2.174 2.415 2.686 2.986 3.334
1.251 1.419 1.565 1.741 1.937 2.149 2.398 2.666 2.973 3.330
1.214 1.375 1.524 1.702 1.902 2.118 2.368 2.647 2.954 3.328
1.176 1.338 1.484 1.662 1.861 2.083 2.335 2.610 2.930 3.306
0.953 1.297 1.441 1.618 1.807 2.034 2.286 2.556 2.876 3.255
1.116 1.266 1.415 1.595 1.794 2.013 2.265 2.540 2.869 3.258
1.088 1.235 1.383 1.560 1.755 1.975 2.232 2.505 2.829 3.221
1.063 1.207 1.351 1.533 1.732 1.956 2.207 2.483 2.807 3.215
0.924 1.167 1.310 1.490 1.680 1.905 2.148 2.430 2.754 3.150
1.009 1.147 1.292 1.474 1.672 1.903 2.145 2.434 2.773 3.183
0.969 1.107 1.251 1.426 1.636 1.858 2.104 2.389 2.727 3.142
0.944 1.077 1.221 1.406 1.605 1.832 2.077 2.364 2.702 3.114
0.920 1.047 1.195 1.377 1.573 1.799 2.047 2.337 2.671 3.093
0.900 1.014 1.149 1.336 1.531 1.746 1.994 2.275 2.615 3.036
0.876 0.974 1.088 1.244 1.406 1.585 1.782 2.011 2.282 2.588
0.849 0.935 1.028 1.163 1.296 1.436 1.605 1.780 1.992 2.248
0.823 0.904 0.981 1.093 1.199 1.321 1.450 1.597 1.752 1.938
0.798 0.870 0.932 1.027 1.119 1.217 1.323 1.439 1.571 1.711
0.776 0.841 0.890 0.949 1.043 1.125 1.211 1.293 1.411 1.522
0.759 0.817 0.856 0.898 0.981 1.046 1.115 1.187 1.252 1.345
0.739 0.797 0.829 0.863 0.895 0.980 1.032 1.097 1.149 1.206
0.720 0.775 0.801 0.823 0.850 0.920 0.959 1.006 1.056 1.108
0.700 0.761 0.779 0.799 0.820 0.839 0.900 0.937 0.976 1.019
0.679 0.749 0.764 0.778 0.791 0.809 0.821 0.880 0.911 0.929
0.673 0.738 0.749 0.760 0.772 0.780 0.792 0.802 0.813 0.873
0.658 0.734 0.741 0.749 0.757 0.764 0.772 0.776 0.785 0.792
0.646 0.733 0.737 0.743 0.748 0.754 0.758 0.763 0.768 0.110
